10610208145408
10610208145408
6557469245440
4052738899968
2504730345472
1548008554496
956721922048
591286632448
365435256832
225851408384
139583848448
86267559936
53316284416
32951275520
20365008896
12586267648
7778741248
4807526400
2971214848
1836311680
1134903040
701408640
433494400
267914272
165580128
102334152
63245984
39088168
24157816
14930352
3524578
832040
196418
46368
10946
2584
610
144
34
8
2
10610208145408
10610208145408
6557469245440
4052738899968
2504730345472
1548008554496
956721922048
591286632448
365435256832
225851408384
139583848448
86267559936
53316284416
32951275520
20365008896
12586267648
7778741248
4807526400
2971214848
1836311680
1134903040
701408640
433494400
267914272
165580128
102334152
63245984
39088168
24157816
14930352
3524578
832040
196418
46368
10946
2584
610
144
34
8
2
